indice,tiempo_s,velocidad_mps,velocidad_sin_media
0,0.0,0.601,-0.33703731343283583
1,0.09999999999999432,0.667,-0.27103731343283577
2,0.19999999999998863,0.72,-0.21803731343283583
3,0.3019999999999925,0.728,-0.21003731343283583
4,0.3990000000000009,0.672,-0.26603731343283576
5,0.5009999999999764,0.601,-0.33703731343283583
6,0.5989999999999895,0.544,-0.39403731343283577
7,0.6989999999999839,0.575,-0.36303731343283585
8,0.799999999999983,0.618,-0.3200373134328358
9,0.8990000000000009,0.698,-0.24003731343283585
10,0.9989999999999952,0.734,-0.20403731343283582
11,1.0989999999999895,0.726,-0.21203731343283583
12,1.1989999999999839,0.688,-0.25003731343283586
13,1.3029999999999973,0.674,-0.26403731343283576
14,1.399000000000001,0.677,-0.26103731343283576
15,1.5009999999999764,0.736,-0.20203731343283582
16,1.5989999999999895,0.806,-0.13203731343283576
17,1.6989999999999839,0.796,-0.14203731343283577
18,1.799999999999983,0.841,-0.09703731343283584
19,1.8979999999999961,0.767,-0.1710373134328358
20,1.9989999999999952,0.71,-0.22803731343283584
21,2.0989999999999895,0.671,-0.26703731343283577
22,2.198999999999984,0.74,-0.19803731343283582
23,2.3029999999999973,0.791,-0.14703731343283577
24,2.399000000000001,0.829,-0.10903731343283585
25,2.5009999999999764,0.804,-0.13403731343283576
26,2.5989999999999895,0.763,-0.1750373134328358
27,2.698999999999984,0.732,-0.20603731343283582
28,2.799999999999983,0.721,-0.21703731343283583
29,2.8999999999999773,0.782,-0.15603731343283578
30,3.0,0.794,-0.14403731343283577
31,3.0989999999999895,0.843,-0.09503731343283583
32,3.198999999999984,0.844,-0.09403731343283583
33,3.3029999999999973,0.788,-0.15003731343283577
34,3.3999999999999773,0.696,-0.24203731343283585
35,3.5009999999999764,0.701,-0.23703731343283585
36,3.5989999999999895,0.719,-0.21903731343283583
37,3.6999999999999886,0.785,-0.15303731343283578
38,3.799999999999983,0.832,-0.10603731343283584
39,3.8999999999999773,0.862,-0.07603731343283582
40,4.0,0.825,-0.11303731343283585
41,4.0989999999999895,0.761,-0.1770373134328358
42,4.198999999999984,0.776,-0.16203731343283578
43,4.302999999999997,0.763,-0.1750373134328358
44,4.399000000000001,0.863,-0.07503731343283582
45,4.500999999999976,0.913,-0.025037313432835773
46,4.5989999999999895,0.947,0.008962686567164146
47,4.698999999999984,0.905,-0.03303731343283578
48,4.799999999999983,0.788,-0.15003731343283577
49,4.903999999999996,0.691,-0.24703731343283586
50,4.998999999999995,0.704,-0.23403731343283585
51,5.099999999999994,0.714,-0.22403731343283584
52,5.198999999999984,0.779,-0.15903731343283578
53,5.302999999999997,0.812,-0.12603731343283575
54,5.399000000000001,0.833,-0.10503731343283584
55,5.500999999999976,0.832,-0.10603731343283584
56,5.5989999999999895,0.784,-0.15403731343283578
57,5.698999999999984,0.74,-0.19803731343283582
58,5.800999999999988,0.789,-0.14903731343283577
59,5.899000000000001,0.864,-0.07403731343283582
60,5.998999999999995,0.92,-0.018037313432835766
61,6.0989999999999895,0.901,-0.03703731343283578
62,6.198999999999984,0.912,-0.026037313432835774
63,6.302999999999997,0.87,-0.06803731343283581
64,6.399000000000001,0.81,-0.12803731343283575
65,6.501999999999981,0.78,-0.15803731343283578
66,6.599999999999994,0.837,-0.10103731343283584
67,6.698999999999984,0.936,-0.0020373134328357523
68,6.799999999999983,0.953,0.014962686567164152
69,6.899999999999977,0.915,-0.02303731343283577
70,6.998999999999995,0.864,-0.07403731343283582
71,7.099999999999994,0.775,-0.16303731343283578
72,7.199999999999989,0.774,-0.16403731343283579
73,7.302999999999997,0.815,-0.12303731343283586
74,7.399000000000001,0.883,-0.0550373134328358
75,7.500999999999976,0.941,0.002962686567164141
76,7.5989999999999895,0.888,-0.050037313432835795
77,7.698999999999984,0.788,-0.15003731343283577
78,7.799999999999983,0.757,-0.1810373134328358
79,7.899999999999977,0.766,-0.1720373134328358
80,7.998999999999995,0.825,-0.11303731343283585
81,8.09899999999999,0.868,-0.07003731343283581
82,8.198999999999984,0.929,-0.009037313432835758
83,8.301999999999992,0.874,-0.06403731343283581
84,8.397999999999996,0.775,-0.16303731343283578
85,8.500999999999976,0.768,-0.1700373134328358
86,8.59899999999999,0.766,-0.1720373134328358
87,8.698999999999984,0.803,-0.13503731343283576
88,8.799999999999983,0.879,-0.0590373134328358
89,8.899000000000001,0.9,-0.038037313432835784
90,8.998999999999995,0.825,-0.11303731343283585
91,9.097999999999985,0.789,-0.14903731343283577
92,9.198999999999984,0.744,-0.1940373134328358
93,9.301999999999992,0.767,-0.1710373134328358
94,9.397999999999996,0.795,-0.14303731343283577
95,9.500999999999976,0.865,-0.07303731343283582
96,9.59899999999999,0.867,-0.07103731343283581
97,9.698999999999984,0.86,-0.07803731343283582
98,9.799999999999983,0.832,-0.10603731343283584
99,9.962999999999994,0.783,-0.15503731343283578
100,9.998999999999995,0.799,-0.13903731343283576
101,10.09899999999999,0.836,-0.10203731343283584
102,10.198999999999984,0.882,-0.0560373134328358
103,10.301999999999992,0.866,-0.07203731343283581
104,10.399000000000001,0.854,-0.08403731343283583
105,10.500999999999976,0.801,-0.13703731343283576
106,10.59899999999999,0.748,-0.1900373134328358
107,10.698999999999984,0.76,-0.1780373134328358
108,10.799999999999983,0.817,-0.12103731343283586
109,11.570999999999998,0.847,-0.09103731343283583
110,11.577999999999975,0.853,-0.08503731343283583
111,11.583999999999975,0.792,-0.14603731343283577
112,11.589999999999975,0.788,-0.15003731343283577
113,11.597999999999985,0.787,-0.15103731343283577
114,11.603999999999985,0.832,-0.10603731343283584
115,11.61099999999999,0.895,-0.04303731343283579
116,11.61699999999999,0.942,0.003962686567164142
117,11.696999999999974,0.924,-0.014037313432835763
118,11.799999999999983,0.906,-0.03203731343283578
119,11.899000000000001,0.819,-0.11903731343283586
120,11.998999999999995,0.789,-0.14903731343283577
121,12.09899999999999,0.778,-0.16003731343283578
122,12.198999999999984,0.835,-0.10303731343283584
123,12.302999999999997,0.926,-0.012037313432835761
124,12.399000000000001,0.904,-0.03403731343283578
125,12.500999999999976,0.855,-0.08303731343283582
126,12.597999999999985,0.845,-0.09303731343283583
127,12.699999999999989,0.838,-0.10003731343283584
128,12.799999999999983,0.881,-0.0570373134328358
129,12.899000000000001,0.936,-0.0020373134328357523
130,12.998999999999995,0.948,0.009962686567164147
131,13.09899999999999,0.943,0.004962686567164143
132,13.198999999999984,0.893,-0.04503731343283579
133,13.301999999999992,0.809,-0.12903731343283575
134,13.399000000000001,0.791,-0.14703731343283577
135,13.5,0.807,-0.13103731343283576
136,13.59899999999999,0.846,-0.09203731343283583
137,13.698999999999984,0.885,-0.0530373134328358
138,13.799999999999983,0.883,-0.0550373134328358
139,13.899000000000001,0.806,-0.13203731343283576
140,13.998999999999995,0.771,-0.1670373134328358
141,14.09899999999999,0.805,-0.13303731343283576
142,14.198999999999984,0.862,-0.07603731343283582
143,14.301999999999992,0.9,-0.038037313432835784
144,14.399000000000001,0.947,0.008962686567164146
145,14.500999999999976,0.886,-0.0520373134328358
146,14.59899999999999,0.809,-0.12903731343283575
147,14.699999999999989,0.781,-0.15703731343283578
148,14.800999999999988,0.812,-0.12603731343283575
149,14.899999999999977,0.833,-0.10503731343283584
150,14.998999999999995,0.912,-0.026037313432835774
151,15.097999999999985,0.906,-0.03203731343283578
152,15.197999999999979,0.912,-0.026037313432835774
153,15.301999999999992,0.829,-0.10903731343283585
154,15.399000000000001,0.799,-0.13903731343283576
155,15.500999999999976,0.869,-0.06903731343283581
156,15.59899999999999,0.936,-0.0020373134328357523
157,15.698999999999984,1.008,0.0699626865671642
158,15.798999999999978,0.969,0.030962686567164166
159,15.899000000000001,0.889,-0.049037313432835794
160,16.0,0.766,-0.1720373134328358
161,16.099999999999994,0.721,-0.21703731343283583
162,16.19999999999999,0.736,-0.20203731343283582
163,16.302999999999997,0.839,-0.09903731343283584
164,16.399,0.886,-0.0520373134328358
165,16.500999999999976,0.881,-0.0570373134328358
166,16.59899999999999,0.863,-0.07503731343283582
167,16.69999999999999,0.835,-0.10303731343283584
168,16.800999999999988,0.81,-0.12803731343283575
169,16.899999999999977,0.864,-0.07403731343283582
170,17.0,0.911,-0.027037313432835774
171,17.099999999999994,0.899,-0.039037313432835785
172,17.19999999999999,0.882,-0.0560373134328358
173,17.302999999999997,0.804,-0.13403731343283576
174,17.399,0.779,-0.15903731343283578
175,17.502999999999986,0.763,-0.1750373134328358
176,17.599999999999994,0.784,-0.15403731343283578
177,17.69999999999999,0.815,-0.12303731343283586
178,17.800999999999988,0.897,-0.04103731343283579
179,17.899999999999977,0.909,-0.029037313432835776
180,18.0,0.855,-0.08303731343283582
181,18.099999999999994,0.834,-0.10403731343283584
182,18.19999999999999,0.772,-0.1660373134328358
183,18.302999999999997,0.816,-0.12203731343283586
184,18.399999999999977,0.925,-0.013037313432835762
185,18.500999999999976,0.957,0.018962686567164155
186,18.599999999999994,0.949,0.010962686567164148
187,18.69999999999999,0.871,-0.06703731343283581
188,18.800999999999988,0.789,-0.14903731343283577
189,18.899999999999977,0.738,-0.20003731343283582
190,19.0,0.795,-0.14303731343283577
191,19.099999999999994,0.849,-0.08903731343283583
192,19.19999999999999,0.856,-0.08203731343283582
193,19.302999999999997,0.899,-0.039037313432835785
194,19.399999999999977,0.862,-0.07603731343283582
195,19.50199999999998,0.809,-0.12903731343283575
196,19.599999999999994,0.839,-0.09903731343283584
197,19.69999999999999,0.867,-0.07103731343283581
198,19.799999999999983,0.91,-0.028037313432835775
199,19.899999999999977,0.947,0.008962686567164146
200,20.0,0.923,-0.015037313432835764
201,20.101,0.891,-0.04703731343283579
202,20.19999999999999,0.801,-0.13703731343283576
203,20.303999999999974,0.765,-0.1730373134328358
204,20.399999999999977,0.796,-0.14203731343283577
205,20.500999999999976,0.886,-0.0520373134328358
206,20.599999999999994,0.945,0.006962686567164145
207,20.69999999999999,0.947,0.008962686567164146
208,20.800999999999988,0.907,-0.031037313432835778
209,20.899999999999977,0.868,-0.07003731343283581
210,21.0,0.848,-0.09003731343283583
211,21.09899999999999,0.862,-0.07603731343283582
212,21.19999999999999,0.91,-0.028037313432835775
213,21.302999999999997,0.873,-0.06503731343283581
214,21.399999999999977,0.849,-0.08903731343283583
215,21.50199999999998,0.822,-0.11603731343283585
216,21.599999999999994,0.815,-0.12303731343283586
217,21.700999999999993,0.853,-0.08503731343283583
218,21.800999999999988,0.903,-0.03503731343283578
219,21.899999999999977,0.944,0.005962686567164144
220,22.000999999999976,0.96,0.021962686567164158
221,22.099999999999994,0.941,0.002962686567164141
222,22.19999999999999,0.913,-0.025037313432835773
223,22.303999999999974,0.932,-0.006037313432835756
224,22.399999999999977,0.965,0.026962686567164162
225,22.50199999999998,1.018,0.07996268656716421
226,22.599999999999994,0.997,0.05896268656716419
227,22.69999999999999,0.936,-0.0020373134328357523
228,22.800999999999988,0.875,-0.0630373134328358
229,22.899999999999977,0.857,-0.08103731343283582
230,23.0,0.853,-0.08503731343283583
231,23.099999999999994,0.885,-0.0530373134328358
232,23.200999999999993,0.914,-0.024037313432835772
233,23.302999999999997,0.922,-0.016037313432835765
234,23.399999999999977,0.95,0.011962686567164149
235,23.50199999999998,0.905,-0.03303731343283578
236,23.599999999999994,0.909,-0.029037313432835776
237,23.69999999999999,0.917,-0.02103731343283577
238,23.799999999999983,0.939,0.0009626865671641394
239,23.899999999999977,0.978,0.039962686567164174
240,24.0,0.906,-0.03203731343283578
241,24.099999999999994,0.848,-0.09003731343283583
242,24.19999999999999,0.842,-0.09603731343283584
243,24.303999999999974,0.862,-0.07603731343283582
244,24.399999999999977,0.917,-0.02103731343283577
245,24.50199999999998,1.02,0.08196268656716421
246,24.601,1.027,0.0889626865671641
247,24.69999999999999,1.019,0.0809626865671641
248,24.800999999999988,0.963,0.02496268656716416
249,24.899999999999977,0.929,-0.009037313432835758
250,25.000999999999976,0.94,0.0019626865671641402
251,25.099999999999994,0.99,0.051962686567164185
252,25.19999999999999,1.013,0.0749626865671641
253,25.302999999999997,0.949,0.010962686567164148
254,25.399999999999977,0.898,-0.040037313432835786
255,25.502999999999986,0.887,-0.051037313432835796
256,25.601,0.923,-0.015037313432835764
257,25.69999999999999,0.966,0.027962686567164163
258,25.800999999999988,1.006,0.0679626865671642
259,25.899999999999977,1.027,0.0889626865671641
260,26.0,0.934,-0.004037313432835754
261,26.099999999999994,0.918,-0.02003731343283577
262,26.19999999999999,0.909,-0.029037313432835776
263,26.302999999999997,0.915,-0.02303731343283577
264,26.399999999999977,0.989,0.050962686567164184
265,26.50199999999998,1.034,0.09596268656716422
266,26.599999999999994,0.993,0.05496268656716419
267,26.69999999999999,0.925,-0.013037313432835762
268,26.800999999999988,0.889,-0.049037313432835794
269,26.899999999999977,0.921,-0.017037313432835766
270,27.0,0.959,0.020962686567164157
271,27.099999999999994,1.013,0.0749626865671641
272,27.19999999999999,1.005,0.06696268656716409
273,27.303999999999974,0.948,0.009962686567164147
274,27.399999999999977,0.896,-0.04203731343283579
275,27.50199999999998,0.893,-0.04503731343283579
276,27.599999999999994,0.935,-0.003037313432835753
277,27.69999999999999,0.988,0.04996268656716418
278,27.800999999999988,0.977,0.03896268656716417
279,27.899999999999977,0.971,0.03296268656716417
280,28.0,0.892,-0.04603731343283579
281,28.099999999999994,0.883,-0.0550373134328358
282,28.19999999999999,0.867,-0.07103731343283581
283,28.303999999999974,0.941,0.002962686567164141
284,28.399999999999977,0.988,0.04996268656716418
285,28.50199999999998,1.026,0.08796268656716422
286,28.599999999999994,1.014,0.0759626865671642
287,28.69999999999999,0.917,-0.02103731343283577
288,28.800999999999988,0.886,-0.0520373134328358
289,28.900999999999982,0.882,-0.0560373134328358
290,29.0,0.939,0.0009626865671641394
291,29.099999999999994,0.975,0.03696268656716417
292,29.19999999999999,0.968,0.029962686567164165
293,29.303999999999974,0.949,0.010962686567164148
294,29.399999999999977,0.896,-0.04203731343283579
295,29.50199999999998,0.913,-0.025037313432835773
296,29.599999999999994,0.922,-0.016037313432835765
297,29.69999999999999,0.943,0.004962686567164143
298,29.800999999999988,1.0,0.061962686567164194
299,29.899999999999977,0.979,0.040962686567164175
300,30.0,0.987,0.04896268656716418
301,30.09899999999999,0.94,0.0019626865671641402
302,30.198999999999984,0.929,-0.009037313432835758
303,30.302999999999997,0.976,0.03796268656716417
304,30.399,1.042,0.10396268656716423
305,30.50199999999998,1.002,0.0639626865671642
306,30.599999999999994,1.007,0.06896268656716409
307,30.69999999999999,0.944,0.005962686567164144
308,30.800999999999988,0.941,0.002962686567164141
309,30.900999999999982,1.034,0.09596268656716422
310,31.0,1.052,0.11396268656716424
311,31.099999999999994,1.068,0.12996268656716425
312,31.19999999999999,1.024,0.08596268656716421
313,31.302999999999997,0.963,0.02496268656716416
314,31.399999999999977,0.961,0.02296268656716416
315,31.500999999999976,0.985,0.04696268656716418
316,31.599999999999994,0.993,0.05496268656716419
317,31.69999999999999,1.001,0.06296268656716408
318,31.799999999999983,1.013,0.0749626865671641
319,31.899999999999977,0.938,-3.7313432835861526e-05
320,32.0,0.891,-0.04703731343283579
321,32.099999999999994,0.883,-0.0550373134328358
322,32.19999999999999,0.911,-0.027037313432835774
323,32.303999999999974,0.96,0.021962686567164158
324,32.39999999999998,0.959,0.020962686567164157
325,32.50199999999998,0.957,0.018962686567164155
326,32.599999999999994,0.908,-0.030037313432835777
327,32.69999999999999,0.866,-0.07203731343283581
328,32.80099999999999,0.872,-0.06603731343283581
329,32.89999999999998,0.927,-0.01103731343283576
330,33.0,0.979,0.040962686567164175
331,33.099999999999994,0.98,0.041962686567164176
332,33.198999999999984,0.885,-0.0530373134328358
333,33.303999999999974,0.846,-0.09203731343283583
334,33.39999999999998,0.871,-0.06703731343283581
335,33.50199999999998,0.889,-0.049037313432835794
336,33.599999999999994,1.007,0.06896268656716409
337,33.69999999999999,1.03,0.09196268656716422
338,33.80099999999999,1.006,0.0679626865671642
339,33.89999999999999,0.938,-3.7313432835861526e-05
340,33.99899999999998,0.891,-0.04703731343283579
341,34.09999999999998,0.907,-0.031037313432835778
342,34.2,1.037,0.09896268656716412
343,34.30300000000001,1.104,0.16596268656716429
344,34.399000000000015,1.024,0.08596268656716421
345,34.50199999999997,1.088,0.14996268656716427
346,34.59999999999998,0.943,0.004962686567164143
347,34.7,0.858,-0.08003731343283582
348,34.801,0.874,-0.06403731343283581
349,34.89999999999999,0.932,-0.006037313432835756
350,35.000000000000014,0.986,0.04796268656716418
351,35.09999999999998,1.064,0.12596268656716425
352,35.19899999999997,0.996,0.05796268656716419
353,35.30300000000001,0.97,0.03196268656716417
354,35.399000000000015,0.927,-0.01103731343283576
355,35.50199999999997,0.962,0.02396268656716416
356,35.59999999999998,1.024,0.08596268656716421
357,35.7,1.049,0.11096268656716413
358,35.801,0.994,0.05596268656716419
359,35.89999999999999,0.998,0.05996268656716419
360,36.000000000000014,0.911,-0.027037313432835774
361,36.099000000000004,0.933,-0.005037313432835755
362,36.19899999999997,0.953,0.014962686567164152
363,36.30300000000001,0.946,0.007962686567164146
364,36.39999999999999,0.967,0.028962686567164164
365,36.50099999999999,0.979,0.040962686567164175
366,36.599000000000004,0.902,-0.03603731343283578
367,36.69899999999997,0.871,-0.06703731343283581
368,36.801,0.95,0.011962686567164149
369,36.899000000000015,1.042,0.10396268656716423
370,36.99899999999998,1.087,0.14896268656716416
371,37.099000000000004,1.065,0.12696268656716414
372,37.19899999999997,0.96,0.021962686567164158
373,37.30399999999999,0.898,-0.040037313432835786
374,37.39999999999999,0.82,-0.11803731343283586
375,37.50199999999997,0.871,-0.06703731343283581
376,37.59999999999998,1.014,0.0759626865671642
377,37.7,0.962,0.02396268656716416
378,37.79999999999997,0.916,-0.02203731343283577
379,37.89999999999999,0.881,-0.0570373134328358
380,38.000000000000014,0.819,-0.11903731343283586
381,38.104999999999976,0.839,-0.09903731343283584
382,38.20099999999998,0.895,-0.04303731343283579
383,38.30399999999999,0.948,0.009962686567164147
384,38.40099999999997,0.94,0.0019626865671641402
385,38.503,0.933,-0.005037313432835755
386,38.59999999999998,0.87,-0.06803731343283581
387,38.7,0.885,-0.0530373134328358
388,38.801,0.907,-0.031037313432835778
389,38.89999999999999,0.956,0.017962686567164154
390,39.000000000000014,0.936,-0.0020373134328357523
391,39.10100000000001,0.985,0.04696268656716418
392,39.20099999999998,0.963,0.02496268656716416
393,39.30399999999999,0.907,-0.031037313432835778
394,39.399000000000015,0.868,-0.07003731343283581
395,39.503,0.92,-0.018037313432835766
396,39.60100000000001,0.921,-0.017037313432835766
397,39.70099999999998,0.987,0.04896268656716418
398,39.80199999999998,0.986,0.04796268656716418
399,39.90099999999997,0.926,-0.012037313432835761
400,40.000000000000014,0.92,-0.018037313432835766
401,40.09999999999998,0.861,-0.07703731343283582
402,40.20099999999998,0.913,-0.025037313432835773
403,40.30399999999999,0.956,0.017962686567164154
404,40.399000000000015,1.011,0.07296268656716409
405,40.50199999999997,1.027,0.0889626865671641
406,40.59999999999998,0.968,0.029962686567164165
407,40.7,0.931,-0.007037313432835757
408,40.801,0.964,0.02596268656716416
409,40.90099999999997,0.983,0.04496268656716418
410,41.000000000000014,1.061,0.12296268656716414
411,41.10100000000001,1.106,0.1679626865671643
412,41.20099999999998,1.079,0.14096268656716415
413,41.30399999999999,0.98,0.041962686567164176
414,41.39999999999999,0.881,-0.0570373134328358
415,41.50199999999997,0.909,-0.029037313432835776
416,41.60100000000001,0.951,0.01296268656716415
417,41.7,1.03,0.09196268656716422
418,41.80199999999998,1.009,0.07096268656716409
419,41.90099999999997,0.987,0.04896268656716418
420,42.000000000000014,0.915,-0.02303731343283577
421,42.09999999999998,0.869,-0.06903731343283581
422,42.20099999999998,0.913,-0.025037313432835773
423,42.30399999999999,0.988,0.04996268656716418
424,42.39999999999999,1.063,0.12496268656716414
425,42.50199999999997,1.066,0.12796268656716425
426,42.602999999999966,1.023,0.0849626865671641
427,42.7,0.952,0.013962686567164151
428,42.801,0.894,-0.04403731343283579
429,42.90099999999997,0.914,-0.024037313432835772
430,43.000000000000014,1.012,0.0739626865671642
431,43.10100000000001,1.025,0.0869626865671641
432,43.2,1.067,0.12896268656716414
433,43.30399999999999,1.033,0.09496268656716411
434,43.39999999999999,0.944,0.005962686567164144
435,43.503,0.949,0.010962686567164148
436,43.60100000000001,0.995,0.05696268656716419
437,43.70099999999998,1.053,0.11496268656716413
438,43.801,1.111,0.17296268656716418
439,43.89999999999999,1.06,0.12196268656716425
440,44.000000000000014,1.002,0.0639626865671642
441,44.102999999999966,0.96,0.021962686567164158
442,44.2,0.964,0.02596268656716416
443,44.30399999999999,1.014,0.0759626865671642
444,44.39999999999999,1.032,0.09396268656716422
445,44.503,1.065,0.12696268656716414
446,44.59999999999998,1.045,0.10696268656716412
447,44.7,1.007,0.06896268656716409
448,44.801,0.971,0.03296268656716417
449,44.90099999999997,1.011,0.07296268656716409
450,45.000000000000014,1.079,0.14096268656716415
451,45.09999999999998,1.15,0.2119626865671641
452,45.2,1.107,0.16896268656716418
453,45.30399999999999,1.089,0.15096268656716416
454,45.39999999999999,1.0,0.061962686567164194
455,45.50199999999997,0.968,0.029962686567164165
456,45.602999999999966,0.978,0.039962686567164174
457,45.70099999999998,1.015,0.0769626865671641
458,45.801,1.036,0.09796268656716423
459,45.90099999999997,1.007,0.06896268656716409
460,46.000000000000014,0.989,0.050962686567164184
461,46.10100000000001,0.954,0.015962686567164153
462,46.20099999999998,0.968,0.029962686567164165
463,46.304999999999964,0.982,0.04396268656716418
464,46.39999999999999,0.986,0.04796268656716418
465,46.503,1.039,0.10096268656716412
466,46.60100000000001,0.985,0.04696268656716418
467,46.70099999999998,0.946,0.007962686567164146
468,46.801,0.872,-0.06603731343283581
469,46.89999999999999,0.892,-0.04603731343283579
470,47.00099999999999,0.949,0.010962686567164148
471,47.09999999999998,1.03,0.09196268656716422
472,47.20099999999998,1.046,0.10796268656716423
473,47.30399999999999,1.063,0.12496268656716414
474,47.39999999999999,1.031,0.09296268656716411
475,47.50099999999999,1.019,0.0809626865671641
476,47.59999999999998,1.035,0.09696268656716411
477,47.69899999999997,1.062,0.12396268656716425
478,47.79999999999997,1.108,0.1699626865671643
479,47.89999999999999,1.118,0.1799626865671643
480,47.99899999999998,1.059,0.12096268656716413
481,48.10100000000001,0.985,0.04696268656716418
482,48.2,0.913,-0.025037313432835773
483,48.30399999999999,0.943,0.004962686567164143
484,48.399000000000015,0.955,0.016962686567164154
485,48.50099999999999,1.003,0.06496268656716409
486,48.599000000000004,1.044,0.10596268656716423
487,48.69899999999997,1.046,0.10796268656716423
488,48.801,0.936,-0.0020373134328357523
489,48.899000000000015,0.949,0.010962686567164148
490,48.99899999999998,0.958,0.019962686567164156
491,49.09999999999998,1.009,0.07096268656716409
492,49.2,1.084,0.14596268656716427
493,49.30399999999999,1.112,0.1739626865671643
494,49.39999999999999,1.088,0.14996268656716427
495,49.50199999999997,0.972,0.03396268656716417
496,49.599000000000004,0.921,-0.017037313432835766
497,49.7,0.943,0.004962686567164143
498,49.801,1.029,0.09096268656716411
499,49.89999999999999,1.12,0.1819626865671643
500,50.000000000000014,1.128,0.18996268656716409
501,50.102999999999966,1.065,0.12696268656716414
502,50.2,1.02,0.08196268656716421
503,50.30399999999999,1.014,0.0759626865671642
504,50.39999999999999,1.029,0.09096268656716411
505,50.50199999999997,1.12,0.1819626865671643
506,50.59999999999998,1.175,0.23696268656716424
507,50.7,1.116,0.1779626865671643
508,50.801,1.02,0.08196268656716421
509,50.90099999999997,0.904,-0.03403731343283578
510,51.000000000000014,0.878,-0.060037313432835804
511,51.10100000000001,1.024,0.08596268656716421
512,51.19899999999997,1.03,0.09196268656716422
513,51.30399999999999,1.048,0.10996268656716424
514,51.39999999999999,0.981,0.04296268656716418
515,51.503,0.963,0.02496268656716416
516,51.602999999999966,0.931,-0.007037313432835757
517,51.7,0.944,0.005962686567164144
518,51.801,1.01,0.0719626865671642
519,51.90099999999997,1.023,0.0849626865671641
520,52.000000000000014,1.065,0.12696268656716414
521,52.10100000000001,1.023,0.0849626865671641
522,52.20099999999998,0.991,0.052962686567164186
523,52.304999999999964,0.96,0.021962686567164158
524,52.40099999999997,0.991,0.052962686567164186
525,52.503,1.039,0.10096268656716412
526,52.60100000000001,1.084,0.14596268656716427
527,52.70099999999998,1.072,0.13396268656716426
528,52.80199999999998,0.984,0.04596268656716418
529,52.902,0.916,-0.02203731343283577
530,53.00099999999999,0.898,-0.040037313432835786
531,53.102999999999966,0.971,0.03296268656716417
532,53.20099999999998,1.085,0.14696268656716416
533,53.304999999999964,1.164,0.22596268656716412
534,53.40099999999997,1.109,0.17096268656716418
535,53.503,1.047,0.10896268656716412
536,53.60100000000001,0.966,0.027962686567164163
537,53.70099999999998,0.961,0.02296268656716416
538,53.80199999999998,1.013,0.0749626865671641
539,53.90099999999997,1.08,0.14196268656716426
540,54.000000000000014,1.07,0.13196268656716426
541,54.09999999999998,1.069,0.13096268656716414
542,54.20099999999998,1.023,0.0849626865671641
543,54.304999999999964,0.96,0.021962686567164158
544,54.39999999999999,0.992,0.053962686567164186
545,54.503,1.033,0.09496268656716411
546,54.604,1.04,0.10196268656716423
547,54.70099999999998,1.023,0.0849626865671641
548,54.801,0.968,0.029962686567164165
549,54.90099999999997,0.915,-0.02303731343283577
550,55.00099999999999,0.876,-0.062037313432835806
551,55.10199999999999,0.927,-0.01103731343283576
552,55.20099999999998,1.01,0.0719626865671642
553,55.30399999999999,1.113,0.17496268656716418
554,55.40099999999997,1.13,0.1919626865671641
555,55.503,1.07,0.13196268656716426
556,55.60100000000001,1.047,0.10896268656716412
557,55.7,1.017,0.0789626865671641
558,55.80199999999998,1.069,0.13096268656716414
559,55.90099999999997,1.174,0.23596268656716413
560,56.000000000000014,1.158,0.2199626865671641
561,56.104,1.069,0.13096268656716414
562,56.20099999999998,1.019,0.0809626865671641
563,56.30399999999999,0.972,0.03396268656716417
564,56.39999999999999,0.966,0.027962686567164163
565,56.503,1.052,0.11396268656716424
566,56.60100000000001,1.109,0.17096268656716418
567,56.70099999999998,1.108,0.1699626865671643
568,56.80199999999998,1.07,0.13196268656716426
569,56.90099999999997,1.008,0.0699626865671642
570,57.00099999999999,0.945,0.006962686567164145
571,57.10100000000001,0.983,0.04496268656716418
572,57.20099999999998,1.046,0.10796268656716423
573,57.304999999999964,1.118,0.1799626865671643
574,57.40099999999997,1.119,0.1809626865671642
575,57.503,1.047,0.10896268656716412
576,57.602999999999966,0.974,0.03596268656716417
577,57.7,0.95,0.011962686567164149
578,57.80199999999998,0.936,-0.0020373134328357523
579,57.90099999999997,0.956,0.017962686567164154
580,58.000000000000014,1.047,0.10896268656716412
581,58.09999999999998,1.047,0.10896268656716412
582,58.2,1.015,0.0769626865671641
583,58.30399999999999,0.985,0.04696268656716418
584,58.39999999999999,0.939,0.0009626865671641394
585,58.503,0.976,0.03796268656716417
586,58.60100000000001,1.066,0.12796268656716425
587,58.7,1.096,0.15796268656716428
588,58.801,1.052,0.11396268656716424
589,58.89999999999999,0.977,0.03896268656716417
590,59.000000000000014,0.909,-0.029037313432835776
591,59.102999999999966,0.895,-0.04303731343283579
592,59.20099999999998,0.955,0.016962686567164154
593,59.30399999999999,1.092,0.15396268656716428
594,59.40099999999997,1.139,0.2009626865671642
595,59.50199999999997,1.12,0.1819626865671643
596,59.60100000000001,1.013,0.0749626865671641
597,59.70099999999998,0.932,-0.006037313432835756
598,59.801,0.922,-0.016037313432835765
599,59.90099999999997,1.021,0.0829626865671641
600,60.00099999999999,1.121,0.1829626865671642
601,60.10100000000001,1.153,0.21496268656716422
602,60.2,1.117,0.1789626865671642
603,60.30399999999999,1.039,0.10096268656716412
604,60.40099999999997,0.93,-0.008037313432835758
605,60.503,0.902,-0.03603731343283578
606,60.602999999999966,0.974,0.03596268656716417
607,60.70099999999998,1.079,0.14096268656716415
608,60.80199999999998,1.14,0.2019626865671641
609,60.90099999999997,1.111,0.17296268656716418
610,61.000000000000014,0.997,0.05896268656716419
611,61.09999999999998,0.929,-0.009037313432835758
612,61.2,0.957,0.018962686567164155
613,61.30399999999999,1.023,0.0849626865671641
614,61.39999999999999,1.086,0.14796268656716427
615,61.503,1.111,0.17296268656716418
616,61.60100000000001,1.096,0.15796268656716428
617,61.70099999999998,1.007,0.06896268656716409
618,61.801,0.927,-0.01103731343283576
619,61.89999999999999,0.973,0.03496268656716417
620,62.000000000000014,0.987,0.04896268656716418
621,62.102999999999966,1.075,0.13696268656716415
622,62.2,1.076,0.13796268656716426
623,62.30399999999999,1.048,0.10996268656716424
624,62.39999999999999,0.957,0.018962686567164155
625,62.50199999999997,0.923,-0.015037313432835764
626,62.60100000000001,0.907,-0.031037313432835778
627,62.7,0.969,0.030962686567164166
628,62.801,0.997,0.05896268656716419
629,62.89999999999999,1.013,0.0749626865671641
630,63.00099999999999,0.974,0.03596268656716417
631,63.10199999999999,0.908,-0.030037313432835777
632,63.2,0.892,-0.04603731343283579
633,63.30399999999999,0.971,0.03296268656716417
634,63.39999999999999,1.057,0.11896268656716413
635,63.50199999999997,1.101,0.16296268656716417
636,63.604,1.061,0.12296268656716414
637,63.69899999999997,1.01,0.0719626865671642
638,63.801,0.911,-0.027037313432835774
639,63.89999999999999,0.906,-0.03203731343283578
640,64.00000000000001,0.905,-0.03303731343283578
641,64.10199999999999,0.966,0.027962686567164163
642,64.2,1.032,0.09396268656716422
643,64.30399999999999,1.039,0.10096268656716412
644,64.39999999999999,0.984,0.04596268656716418
645,64.50199999999997,0.94,0.0019626865671641402
646,64.60299999999997,0.909,-0.029037313432835776
647,64.7,0.954,0.015962686567164153
648,64.801,1.008,0.0699626865671642
649,64.89999999999999,1.143,0.2049626865671642
650,64.99899999999998,1.085,0.14696268656716416
651,65.10299999999997,1.033,0.09496268656716411
652,65.2,0.94,0.0019626865671641402
653,65.30399999999999,0.863,-0.07503731343283582
654,65.40099999999997,0.92,-0.018037313432835766
655,65.50399999999998,0.997,0.05896268656716419
656,65.604,1.083,0.14496268656716416
657,65.70099999999998,1.083,0.14496268656716416
658,65.80199999999998,1.044,0.10596268656716423
659,65.89999999999999,0.963,0.02496268656716416
660,66.00000000000001,0.923,-0.015037313432835764
661,66.104,0.947,0.008962686567164146
662,66.2,1.005,0.06696268656716409
663,66.30499999999996,1.005,0.06696268656716409
664,66.40099999999997,1.005,0.06696268656716409
665,66.503,0.951,0.01296268656716415
666,66.60499999999998,0.936,-0.0020373134328357523
667,66.70200000000001,0.951,0.01296268656716415
668,66.80199999999998,1.028,0.08996268656716422
669,66.90099999999997,1.088,0.14996268656716427
670,67.00099999999999,1.054,0.11596268656716424
671,67.104,1.068,0.12996268656716425
672,67.20099999999998,0.968,0.029962686567164165
673,67.30499999999996,0.944,0.005962686567164144
674,67.402,0.938,-3.7313432835861526e-05
675,67.50399999999998,0.996,0.05796268656716419
676,67.604,1.057,0.11896268656716413
677,67.70099999999998,1.039,0.10096268656716412
678,67.80199999999998,1.021,0.0829626865671641
679,67.902,0.972,0.03396268656716417
680,68.00199999999997,0.869,-0.06903731343283581
681,68.10299999999997,0.855,-0.08303731343283582
682,68.20200000000001,0.918,-0.02003731343283577
683,68.306,1.044,0.10596268656716423
684,68.40099999999997,1.099,0.16096268656716417
685,68.50399999999998,1.047,0.10896268656716412
686,68.60299999999997,0.978,0.039962686567164174
687,68.70099999999998,0.919,-0.019037313432835767
688,68.80199999999998,0.936,-0.0020373134328357523
689,68.902,0.99,0.051962686567164185
690,69.00099999999999,1.055,0.11696268656716413
691,69.104,1.046,0.10796268656716423
692,69.20200000000001,1.01,0.0719626865671642
693,69.306,0.938,-3.7313432835861526e-05
694,69.40099999999997,0.883,-0.0550373134328358
695,69.50399999999998,0.881,-0.0570373134328358
696,69.60499999999998,0.933,-0.005037313432835755
697,69.70299999999999,1.054,0.11596268656716424
698,69.80300000000001,1.118,0.1799626865671643
699,69.902,1.095,0.15696268656716417
700,70.00199999999997,1.01,0.0719626865671642
701,70.104,0.898,-0.040037313432835786
702,70.20200000000001,0.879,-0.0590373134328358
703,70.30699999999997,0.885,-0.0530373134328358
704,70.40299999999998,0.956,0.017962686567164154
705,70.50500000000001,1.022,0.08396268656716421
706,70.60299999999997,1.03,0.09196268656716422
707,70.70299999999999,1.003,0.06496268656716409
708,70.80399999999999,0.896,-0.04203731343283579
709,70.90299999999998,0.827,-0.11103731343283585
710,71.00199999999997,0.865,-0.07303731343283582
711,71.10499999999998,0.972,0.03396268656716417
712,71.20200000000001,1.065,0.12696268656716414
713,71.306,1.124,0.1859626865671643
714,71.402,1.073,0.13496268656716415
715,71.50500000000001,0.956,0.017962686567164154
716,71.604,0.84,-0.09803731343283584
717,71.70299999999999,0.84,-0.09803731343283584
718,71.80399999999999,0.923,-0.015037313432835764
719,71.90299999999998,1.003,0.06496268656716409
720,72.003,1.097,0.15896268656716417
721,72.10799999999996,1.097,0.15896268656716417
722,72.20200000000001,1.06,0.12196268656716425
723,72.306,0.945,0.006962686567164145
724,72.402,0.905,-0.03303731343283578
725,72.50399999999998,0.962,0.02396268656716416
726,72.604,1.059,0.12096268656716413
727,72.70299999999999,1.17,0.23196268656716412
728,72.80300000000001,1.164,0.22596268656716412
729,72.90299999999998,1.09,0.15196268656716427
730,73.00199999999997,1.007,0.06896268656716409
731,73.10199999999999,0.944,0.005962686567164144
732,73.20200000000001,0.996,0.05796268656716419
733,73.306,1.073,0.13496268656716415
734,73.402,1.103,0.16496268656716417
735,73.50399999999998,1.104,0.16596268656716429
736,73.60600000000001,1.087,0.14896268656716416
737,73.70200000000001,0.953,0.014962686567164152
738,73.80199999999998,0.924,-0.014037313432835763
739,73.902,0.983,0.04496268656716418
740,74.003,1.035,0.09696268656716411
741,74.104,1.12,0.1819626865671643
742,74.20299999999999,1.09,0.15196268656716427
743,74.30699999999997,1.025,0.0869626865671641
744,74.402,0.938,-3.7313432835861526e-05
745,74.50500000000001,0.902,-0.03603731343283578
746,74.604,0.931,-0.007037313432835757
747,74.70299999999999,1.01,0.0719626865671642
748,74.80399999999999,1.073,0.13496268656716415
749,74.90299999999998,1.088,0.14996268656716427
750,75.003,1.034,0.09596268656716422
751,75.10299999999997,0.937,-0.0010373134328357514
752,75.20199999999996,0.926,-0.012037313432835761
753,75.306,0.95,0.011962686567164149
754,75.402,1.043,0.10496268656716412
755,75.50499999999995,1.142,0.2039626865671641
756,75.60599999999995,1.145,0.2069626865671642
757,75.70299999999999,1.077,0.13896268656716415
758,75.80399999999999,0.994,0.05596268656716419
759,75.90299999999998,0.949,0.010962686567164148
760,76.003,0.905,-0.03303731343283578
761,76.10799999999996,0.945,0.006962686567164145
762,76.20299999999999,1.015,0.0769626865671641
763,76.306,0.982,0.04396268656716418
764,76.40099999999997,0.952,0.013962686567164151
765,76.50499999999995,0.863,-0.07503731343283582
766,76.60599999999995,0.837,-0.10103731343283584
767,76.70199999999996,0.871,-0.06703731343283581
768,76.80299999999995,0.889,-0.049037313432835794
769,76.90299999999998,1.035,0.09696268656716411
770,77.003,1.094,0.15596268656716428
771,77.10499999999998,1.025,0.0869626865671641
772,77.20299999999999,0.931,-0.007037313432835757
773,77.30699999999997,0.872,-0.06603731343283581
774,77.402,0.823,-0.11503731343283585
775,77.50499999999995,0.885,-0.0530373134328358
776,77.60199999999999,0.95,0.011962686567164149
777,77.70299999999999,0.967,0.028962686567164164
778,77.80399999999999,1.02,0.08196268656716421
779,77.902,0.976,0.03796268656716417
780,78.003,0.829,-0.10903731343283585
781,78.109,0.815,-0.12303731343283586
782,78.20199999999996,0.848,-0.09003731343283583
783,78.30699999999997,0.959,0.020962686567164157
784,78.402,1.049,0.11096268656716413
785,78.50899999999997,1.096,0.15796268656716428
786,78.60199999999999,1.075,0.13696268656716415
787,78.70199999999996,0.891,-0.04703731343283579
788,78.80299999999995,0.838,-0.10003731343283584
789,78.90599999999996,0.733,-0.20503731343283582
790,79.00599999999999,0.747,-0.1910373134328358
791,79.11099999999995,0.9,-0.038037313432835784
792,79.20599999999997,0.979,0.040962686567164175
793,79.306,0.951,0.01296268656716415
794,79.402,0.891,-0.04703731343283579
795,79.503,0.804,-0.13403731343283576
796,79.60799999999996,0.781,-0.15703731343283578
797,79.70099999999998,0.775,-0.16303731343283578
798,79.80199999999998,0.8,-0.13803731343283576
799,79.90099999999997,0.934,-0.004037313432835754
800,80.00499999999995,1.0,0.061962686567164194
801,80.10199999999999,0.937,-0.0010373134328357514
802,80.20599999999997,0.699,-0.23903731343283585
803,80.30999999999996,0.626,-0.3120373134328358
